47
0 2175 1680 1874 1611 1193 1193 1730 1540 1494 1356 1301 1341 1498 1339 1934 1278 1203 1214 1205 1225 1782 1458 1314 1423 1817 1225 1182 1904 1196 1315 1233 1251 1753 1449 1190 1202 1442 1310 1471 2127 1634 1235 1242 1341 1280 1239 1524
2175 0 516 513 550 1573 1263 502 604 648 830 928 854 644 858 537 1884 1211 1686 1199 1122 498 688 904 732 500 1727 1373 524 1594 901 1096 1044 499 698 1289 1631 707 912 673 664 536 1761 1070 855 974 1078 618
1680 516 0 1495 1231 1018 925 1349 1162 1119 998 958 986 1122 985 1556 1195 920 1074 919 920 1402 1086 966 1054 1437 1097 946 1525 1028 967 922 929 1372 1078 929 1046 1071 963 1097 1753 1254 1117 925 986 944 924 1147
1874 513 1495 0 468 1719 1388 306 574 647 894 1012 924 640 928 101 2044 1332 1838 1319 1233 240 705 984 768 199 1880 1506 116 1741 980 1205 1146 277 721 1416 1780 733 993 685 237 436 1916 1175 925 1066 1184 599
1611 550 1231 468 0 991 686 586 387 351 340 395 351 354 352 823 1302 637 1104 625 553 647 332 379 323 687 1145 792 788 1011 377 530 485 613 329 711 1049 326 384 338 1045 480 1179 507 351 428 514 373
1193 1573 1018 1719 991 0 1253 2245 1985 1916 1687 1580 1660 1922 1656 2501 801 1300 917 1311 1385 2312 1861 1605 1803 2356 890 1157 2463 982 1608 1409 1461 2275 1847 1230 954 1836 1597 1881 2728 2117 868 1435 1659 1532 1427 1961
1193 1263 925 1388 686 1253 0 2139 1890 1825 1610 1510 1584 1831 1581 2387 887 1261 956 1270 1334 2204 1773 1534 1719 2247 939 1139 2351 1002 1537 1356 1402 2168 1760 1200 982 1749 1527 1791 2609 2017 925 1379 1584 1467 1373 1867
1730 502 1349 306 586 2245 2139 0 1713 1668 1533 1479 1519 1672 1517 2095 1403 1375 1357 1378 1400 1948 1634 1491 1599 1982 1364 1348 2065 1346 1493 1409 1428 1919 1625 1359 1349 1618 1488 1646 2282 1804 1371 1418 1518 1457 1415 1697
1540 604 1162 574 387 1985 1890 1713 0 1535 1377 1311 1359 1539 1357 2007 1176 1177 1131 1181 1211 1847 1495 1326 1454 1884 1138 1136 1975 1123 1328 1222 1247 1816 1485 1154 1125 1477 1321 1509 2208 1689 1144 1234 1359 1284 1231 1568
1494 648 1119 647 351 1916 1825 1668 1535 0 505 615 533 292 536 459 1626 923 1421 911 827 297 341 588 393 332 1464 1094 425 1325 585 800 743 271 354 1006 1365 364 597 325 678 210 1499 771 533 666 779 265
1356 830 998 894 340 1687 1610 1533 1377 505 0 825 884 1101 882 1637 821 671 710 675 707 1458 1048 844 999 1499 730 641 1601 674 846 719 748 1422 1036 651 687 1026 838 1065 1857 1276 748 733 884 793 729 1135
1301 928 958 1012 395 1580 1510 1479 1311 615 825 0 1051 1279 1048 1821 774 792 709 799 844 1641 1224 1006 1173 1683 719 726 1786 698 1009 860 896 1605 1212 756 701 1201 1000 1241 2042 1458 728 878 1050 949 873 1314
1341 854 986 924 351 1660 1584 1519 1359 533 884 1051 0 869 640 1426 808 457 648 459 477 1241 814 602 763 1284 680 473 1389 583 604 486 510 1204 801 457 609 791 596 831 1652 1052 707 498 642 552 494 905
1498 644 1122 640 354 1922 1831 1672 1539 292 1101 1279 869 0 644 1320 1013 589 851 586 577 1146 770 621 730 1186 883 647 1285 783 622 577 581 1112 760 612 810 752 618 784 1536 974 911 578 645 595 577 845
1339 858 985 928 352 1656 1581 1517 1357 536 882 1048 640 644 0 1906 873 918 825 924 967 1730 1327 1120 1278 1771 831 854 1871 820 1122 982 1016 1695 1315 883 821 1305 1114 1344 2122 1552 838 999 1161 1066 994 1413
1934 537 1556 101 823 2501 2387 2095 2007 459 1637 1821 1426 1320 1906 0 1458 1220 1355 1219 1217 1587 1331 1244 1307 1617 1375 1245 1693 1315 1244 1217 1220 1562 1325 1229 1331 1320 1242 1339 1895 1463 1392 1218 1257 1229 1218 1378
1278 1884 1195 2044 1302 801 887 1403 1176 1626 821 774 808 1013 873 1458 0 1368 925 1380 1460 2427 1962 1695 1902 2472 891 1210 2581 1006 1698 1486 1541 2388 1948 1291 972 1936 1686 1982 2851 2227 863 1514 1751 1617 1506 2066
1203 1211 920 1332 637 1300 1261 1375 1177 923 671 792 457 589 918 1220 1368 0 938 1234 1297 2157 1729 1492 1675 2200 922 1108 2303 979 1495 1318 1363 2121 1715 1167 961 1705 1485 1747 2560 1971 911 1341 1541 1426 1334 1822
1214 1686 1074 1838 1104 917 956 1357 1131 1421 710 709 648 851 825 1355 925 938 0 1370 1445 2386 1931 1671 1872 2431 922 1210 2538 1023 1674 1471 1523 2348 1917 1286 993 1905 1663 1950 2805 2190 898 1497 1725 1596 1489 2032
1205 1199 919 1319 625 1311 1270 1378 1181 911 675 799 459 586 924 1219 1380 1234 1370 0 803 1702 1255 1006 1198 1746 525 622 1853 533 1010 825 872 1665 1241 675 527 1229 999 1274 2119 1508 529 848 1058 937 841 1353
1225 1122 920 1233 553 1385 1334 1400 1211 827 707 844 477 577 967 1217 1460 1297 1445 803 0 1284 819 559 760 1330 471 251 1440 360 562 374 419 1246 805 258 390 793 551 839 1712 1084 502 396 613 486 389 922
1782 498 1402 240 647 2312 2204 1948 1847 297 1458 1641 1241 1146 1730 1587 2427 2157 2386 1702 1284 0 1285 1172 1255 1612 1241 1129 1694 1187 1173 1125 1133 1551 1278 1119 1201 1272 1169 1296 1910 1441 1258 1128 1191 1150 1127 1342
1458 688 1086 705 332 1861 1773 1634 1495 341 1048 1224 814 770 1327 1331 1962 1729 1931 1255 819 1285 0 782 911 1378 843 688 1476 767 784 697 714 1303 944 676 787 935 777 970 1726 1165 865 705 813 744 702 1033
1314 904 966 984 379 1605 1534 1491 1326 588 844 1006 602 621 1120 1244 1695 1492 1671 1006 559 1172 782 0 267 604 1192 830 706 1056 370 552 501 528 263 745 1094 264 379 266 968 393 1227 526 333 434 534 292
1423 732 1054 768 323 1803 1719 1599 1454 393 999 1173 763 730 1278 1307 1902 1675 1872 1198 760 1255 911 267 0 1124 807 535 1228 694 500 444 449 1046 663 491 725 653 495 690 1488 898 837 446 528 467 445 758
1817 500 1437 199 687 2356 2247 1982 1884 332 1499 1683 1284 1186 1771 1617 2472 2200 2431 1746 1330 1612 1378 604 1124 0 1781 1407 84 1641 880 1105 1046 177 620 1317 1681 633 893 584 322 335 1817 1076 825 966 1084 499
1225 1727 1097 1880 1145 890 939 1364 1138 1464 730 719 680 883 831 1375 891 922 922 525 471 1241 843 1192 807 1781 0 1161 2505 970 1634 1427 1481 2314 1879 1239 939 1867 1622 1913 2773 2154 841 1454 1686 1554 1446 1995
1182 1373 946 1506 792 1157 1139 1348 1136 1094 641 726 473 647 854 1245 1210 1108 1210 622 251 1129 688 830 535 1407 1161 0 2376 975 1545 1357 1405 2191 1775 1192 952 1763 1534 1807 2637 2037 885 1381 1593 1472 1374 1885
1904 524 1525 116 788 2463 2351 2065 1975 425 1601 1786 1389 1285 1871 1693 2581 2303 2538 1853 1440 1694 1476 706 1228 84 2505 2376 0 1259 658 808 765 642 553 975 1295 556 665 547 980 570 1419 786 628 710 792 542
1196 1594 1028 1741 1011 982 1002 1346 1123 1325 674 698 583 783 820 1315 1006 979 1023 533 360 1187 767 1056 694 1641 970 975 1259 0 1537 1335 1388 2210 1779 1154 873 1767 1526 1813 2666 2052 786 1361 1588 1460 1354 1894
1315 901 967 980 377 1608 1537 1493 1328 585 846 1009 604 622 1122 1244 1698 1495 1674 1010 562 1173 784 370 500 880 1634 1545 658 1537 0 1351 1388 2071 1696 1231 1092 1686 1492 1724 2489 1930 1068 1369 1541 1441 1364 1793
1233 1096 922 1205 530 1409 1356 1409 1222 800 719 860 486 577 982 1217 1486 1318 1471 825 374 1125 697 552 444 1105 1427 1357 808 1335 1351 0 48 929 474 226 591 462 200 510 1403 764 727 21 269 127 16 597
1251 1044 929 1146 485 1461 1402 1428 1247 743 748 896 510 581 1016 1220 1541 1363 1523 872 419 1133 714 501 449 1046 1481 1405 765 1388 1388 48 0 1768 1366 859 734 1355 1143 1397 2208 1618 729 1009 1197 1088 1003 1471
1753 499 1372 277 613 2275 2168 1919 1816 271 1422 1605 1204 1112 1695 1562 2388 2121 2348 1665 1246 1551 1303 528 1046 177 2314 2191 642 2210 2071 929 1768 0 823 858 1075 818 764 837 1452 969 1174 778 770 764 779 876
1449 698 1078 721 329 1847 1760 1625 1485 354 1036 1212 801 760 1315 1325 1948 1715 1917 1241 805 1278 944 263 663 620 1879 1775 553 1779 1696 474 1366 823 0 1287 1630 703 909 669 658 530 1760 1068 852 971 1075 613
1190 1289 929 1416 711 1230 1200 1359 1154 1006 651 756 457 612 883 1229 1291 1167 1286 675 258 1119 676 745 491 1317 1239 1192 975 1154 1231 226 859 858 1287 0 878 1656 1430 1699 2526 1928 823 1280 1488 1369 1273 1776
1202 1631 1046 1780 1049 954 982 1349 1125 1365 687 701 609 810 821 1331 972 961 993 527 390 1201 787 1094 725 1681 939 952 1295 873 1092 591 734 1075 1630 878 0 1897 1657 1943 2792 2180 911 1494 1720 1591 1486 2023
1442 707 1071 733 326 1836 1749 1618 1477 364 1026 1201 791 752 1305 1320 1936 1705 1905 1229 793 1272 935 264 653 633 1867 1763 556 1767 1686 462 1355 818 703 1656 1897 0 1455 1663 2388 1854 1152 1351 1498 1412 1347 1727
1310 912 963 993 384 1597 1527 1488 1321 597 838 1000 596 618 1114 1242 1686 1485 1663 999 551 1169 777 379 495 893 1622 1534 665 1526 1492 200 1143 764 909 1430 1657 1455 0 480 1357 725 793 152 261 164 154 563
1471 673 1097 685 338 1881 1791 1646 1509 325 1065 1241 831 784 1344 1339 1982 1747 1950 1274 839 1296 970 266 690 584 1913 1807 547 1813 1724 510 1397 837 669 1699 1943 1663 480 0 2039 1498 976 1021 1150 1072 1017 1371
2127 664 1753 237 1045 2728 2609 2282 2208 678 1857 2042 1652 1536 2122 1895 2851 2560 2805 2119 1712 1910 1726 968 1488 322 2773 2637 980 2666 2489 1403 2208 1452 658 2526 2792 2388 1357 2039 0 1171 1506 1125 1085 1101 1128 1119
1634 536 1254 436 480 2117 2017 1804 1689 210 1276 1458 1052 974 1552 1463 2227 1971 2190 1508 1084 1441 1165 393 898 335 2154 2037 570 2052 1930 764 1618 969 530 1928 2180 1854 725 1498 1171 0 1414 674 425 565 683 119
1235 1761 1117 1916 1179 868 925 1371 1144 1499 748 728 707 911 838 1392 863 911 898 529 502 1258 865 1227 837 1817 841 885 1419 786 1068 727 729 1174 1760 823 911 1152 793 976 1506 1414 0 1382 1617 1484 1374 1930
1242 1070 925 1175 507 1435 1379 1418 1234 771 733 878 498 578 999 1218 1514 1341 1497 848 396 1128 705 526 446 1076 1454 1381 786 1361 1369 21 1009 778 1068 1280 1494 1351 152 1021 1125 674 1382 0 1539 1431 1345 1808
1341 855 986 925 351 1659 1584 1518 1359 533 884 1050 642 645 1161 1257 1751 1541 1725 1058 613 1191 813 333 528 825 1686 1593 628 1588 1541 269 1197 770 852 1488 1720 1498 261 1150 1085 425 1617 1539 0 949 1044 654
1280 974 944 1066 428 1532 1467 1457 1284 666 793 949 552 595 1066 1229 1617 1426 1596 937 486 1150 744 434 467 966 1554 1472 710 1460 1441 127 1088 764 971 1369 1591 1412 164 1072 1101 565 1484 1431 949 0 1126 1574
1239 1078 924 1184 514 1427 1373 1415 1231 779 729 873 494 577 994 1218 1506 1334 1489 841 389 1127 702 534 445 1084 1446 1374 792 1354 1364 16 1003 779 1075 1273 1486 1347 154 1017 1128 683 1374 1345 1044 1126 0 1107
1524 618 1147 599 373 1961 1867 1697 1568 265 1135 1314 905 845 1413 1378 2066 1822 2032 1353 922 1342 1033 292 758 499 1995 1885 542 1894 1793 597 1471 876 613 1776 2023 1727 563 1371 1119 119 1930 1808 654 1574 1107 0
52396 37219 39238 44796 52532 50305 37681 53765 55583 39310 48820 37813 55738 44413 45453 52021 46511 50277 43447 52886 35635 52420 55854 51381 53287 42184 38457 53291 54580 44712 43031 41621 47851 45833 47052 41707 55694 42134 35251 53511 49085 49300 43718 51069 40913 36365 42828
50030 50968 41924 51493 36603 38176 43110 40904 54934 46000 55155 36445 45282 40537 37225 48449 51137 44376 55321 47323 50411 46175 41223 37312 44034 45714 47428 47027 41747 52261 37218 37253 54120 37544 52344 48160 35699 52971 54727 38075 53118 42810 37516 43595 45268 35830 35289
51304 44456 50401 53502 52542 48786 44934 50582 52100 53230 40495 41522 45390 35975 44658 41510 44683 43359 35214 44395 52661 45656 47036 48366 52476 45524 55796 54439 55241 41459 37088 36536 48259 36627 41294 35131 42606 40630 45333 45368 41866 47157 42800 38481 39391 45596 35766
47799 37507 38810 50172 36865 54703 46039 48879 35652 48504 52566 46786 36339 54416 39727 40316 43694 38307 35529 43455 46607 41984 39314 50107 52645 48870 54135 38356 41587 49345 37710 35900 36967 39765 51223 49858 45019 38485 49999 49846 54487 52849 37756 44676 49674 37419 43421
35126 38551 55391 42890 35794 38366 49841 54999 36484 54987 50686 42090 54704 46653 53756 39399 39892 45299 39350 39294 52265 41273 55778 36749 36985 52160 41959 39488 53196 36208 46742 51485 39734 54561 50727 47328 48010 45297 39902 52843 38195 47029 39008 53955 55452 46073 42036
38958 46746 47530 43957 35264 49751 46208 48432 36239 47792 36208 38134 51795 49962 37703 47654 36927 47799 36656 45573 44133 48334 54978 54702 47492 42573 39756 35271 52373 37424 55457 41075 44918 53345 43282 48721 55073 42614 48311 46619 42339 36504 53950 39478 46710 46502 46282
39372 49250 42825 38453 45487 41800 42903 48626 41042 45044 45509 39691 51907 48584 45359 54487 55352 46831 41985 49030 36122 40568 37070 54411 39136 51052 50918 40024 35330 47571 54138 43191 48860 39847 42951 43480 38083 37371 52369 37466 42724 51360 45144 46138 40231 54811 52040
37490 41410 49167 54295 48560 36661 53363 50572 39374 38504 42516 47349 50062 38994 36453 38447 43096 55574 38474 48845 50200 45718 43819 53696 36568 48102 42929 44175 51395 51396 49561 52194 35978 40906 45423 45248 41129 49022 53753 40877 48837 42823 51050 41678 50112 51703 44741
51236 38739 40806 44669 55596 48728 50616 46265 40576 49163 48556 46349 49981 50233 45359 46838 39893 54312 35669 49257 55713 52987 38714 51449 41014 38152 53600 37892 48696 50865 39264 45236 50216 48112 50076 50863 37657 47884 53275 50529 39051 45703 42845 45942 49924 55664 51353
54874 42462 48088 51160 55723 38923 37111 50945 49324 39465 37336 44818 54588 37032 44432 55164 35192 35697 43192 54192 48697 38523 41172 35138 45215 37105 53158 35801 36599 53360 52997 36851 42783 51315 48350 49009 55688 51407 49921 47048 45246 37981 48627 43893 42944 43725 45182
54189 46435 51364 45077 43965 44542 40469 41441 38779 34968 43492 41600 44018 38359 38086 48286 54067 43485 37772 38740 36534 52375 44810 38127 40980 35648 48677 55862 49095 51058 46236 44500 51393 50044 36723 36697 40199 37807 42149 51729 54582 54152 45742 36867 36293 38856 47964
42824 51902 41744 50192 54108 54366 48614 49705 40933 42449 50490 54661 43710 43946 55800 48449 37723 44269 35187 40533 38488 42688 42203 50132 51587 43865 40696 38505 39919 53844 40391 53276 49520 39529 54681 41597 41617 46579 51992 55283 40630 46027 45783 45834 50974 52544 50149
42219 52856 52143 36188 51923 44537 41343 54078 47404 41869 38340 41118 40392 49166 46052 48796 50394 42965 41962 50816 46556 47267 52702 38479 36290 36735 42499 49661 51992 49063 37044 35813 37332 48644 35673 55372 42342 54744 46790 43214 49581 47220 51026 49178 49111 38133 45912
53302 46555 36248 36661 53762 38544 39832 35252 36838 37609 53561 36834 52864 38313 37752 52156 37346 42293 52315 41352 53863 37738 46063 39541 55570 35619 53663 40624 38331 42989 53602 37681 45655 54963 38988 51784 53185 49961 38355 51311 41290 47953 40412 35753 51283 35089 37797
41076 36478 45250 43192 41991 53778 35872 43260 47551 42640 36052 35772 39158 49381 47972 36636 48760 38979 50862 38330 43738 39694 55139 45975 39983 40784 35961 37216 44822 43852 47515 46657 53451 41710 36467 53640 45745 38065 48083 40135 49626 37479 43503 37125 46877 54929 47678
53772 54373 55311 51822 53326 44582 35912 49629 36401 45252 41558 37875 55459 54587 36991 44659 50240 55842 50883 51618 53558 46351 36995 38896 55382 54842 55264 41237 54047 41895 49105 38109 48678 53462 41244 49970 44095 42521 40096 52346 44840 54458 53312 37790 48580 49133 51015
37185 39889 40975 52027 51235 40794 39337 41322 36511 51785 43330 38252 50236 36589 43859 50035 44595 38908 51761 44507 39899 45635 49795 54359 54145 48484 47226 38114 39267 43808 54532 43155 53494 50495 39100 51866 44855 47121 54198 37430 46952 40626 38902 43751 43527 46275 36314
44822 44462 42801 46438 51624 39672 37849 40696 35596 40195 43277 39291 49840 42103 49661 48805 37970 42264 50732 48792 48627 55557 49383 53363 41106 51068 48845 53112 44779 39298 35332 54449 52601 48302 46667 41977 45202 42235 39884 52021 49570 48046 46437 41975 51059 49229 49558
54088 39057 44898 52281 50892 50278 36407 51115 52616 50732 50766 41644 51301 35645 47969 50965 52501 53355 47215 48112 53940 48231 35863 46154 37509 54549 53936 55567 36185 54023 38631 41701 54631 47259 52009 53490 50002 39513 38341 44931 38018 49152 40960 42433 45256 35480 49259
52818 39199 39425 41505 37034 49775 42561 54310 50952 37831 41666 46493 43328 55699 50081 38164 47147 38152 53385 52859 39472 42841 55566 35640 44354 35137 45499 51836 40523 55915 45096 37335 35712 51551 54954 42861 46453 52008 44507 49843 43041 38997 41014 44392 54606 36981 45288
48858 38303 44083 48027 40408 47205 55062 47211 36261 43554 41579 45442 38352 48603 37033 48569 51853 55261 35316 45803 40004 44143 41962 49590 36628 45433 48643 54966 51852 42062 50057 49027 42244 49569 41795 40862 47226 49695 43094 51907 42738 36130 48548 43351 37631 52149 40961
46797 49173 50132 45107 46299 54561 39954 45606 53195 36424 51819 36852 35288 42369 46306 36580 37282 50316 38492 54909 52486 45399 53309 43612 44405 49883 52834 42631 41735 50740 50752 35653 44242 49957 45635 55044 43915 49483 37329 43267 36407 35319 43185 35066 48140 41255 40267
55075 44994 49017 49389 40523 52093 37221 35802 48781 37780 40280 41943 35886 46423 44588 43988 50039 38236 41022 37281 35458 49046 55262 41891 49920 53795 38376 51568 40799 43784 37045 51900 42430 44605 36773 39426 47407 50459 35830 45374 51046 48688 51196 35510 54345 41470 34989
35800 50200 50249 45513 35182 37513 46449 37964 49874 51719 35679 53442 52926 40862 51662 40147 49379 47758 39023 54364 45552 36283 39512 43923 51519 53612 44416 41417 47091 38124 43450 48980 38727 48664 51626 36514 49878 55459 48319 53403 36604 55579 53338 39598 38929 45449 39725
55347 50324 42269 50374 45410 54135 41256 43307 55052 49429 46551 35909 48107 44550 44240 39278 40195 45172 36519 44132 42181 36348 48089 46159 54081 50987 49310 52804 44242 38151 50310 43573 46511 52861 45583 39567 42193 36561 46232 44740 40472 37962 40088 38304 42679 39548 54359
54212 50636 51661 39474 46346 36657 49341 51749 36215 53228 50831 48473 45547 54176 45621 55767 48578 52311 38672 37392 39765 45556 52846 51780 48229 54516 38679 46196 45832 44387 41898 50019 40620 35957 45741 49912 37248 48786 53634 47656 47689 44633 37758 43564 53378 49621 45696
49743 55375 47201 36913 41634 40536 44799 41693 49912 55222 37534 44772 49477 44018 54389 39792 45143 45995 40814 39989 45872 40982 43231 45295 44713 49035 36364 53722 40734 49429 38639 47645 47301 52487 39292 51020 44124 38120 40450 45784 49655 43748 43492 44749 35329 38733 35006
41656 53643 45898 39500 46545 38206 37556 50012 55725 41936 45158 41341 55028 47927 50225 52890 44960 53529 35883 41375 48679 40651 51091 52476 51786 38554 38735 51370 41347 43025 41541 51162 37822 39537 38152 49363 43813 41613 53394 43482 39757 54493 51517 51752 38244 47916 49843
45588 35604 43056 40908 41134 49887 37529 46349 44716 45195 40441 49456 46672 47272 55662 51132 47702 48651 36948 38869 54142 50524 36728 50591 46698 43732 36760 44965 42210 49361 45366 40055 51831 41447 38075 46176 55722 41376 52240 50544 38016 47296 36453 53531 45974 53579 50801
51297 55141 51743 36181 52970 38786 40368 52050 37323 47007 48455 55325 46451 50501 47290 48458 44031 38942 50027 55519 53260 38894 48242 45246 49408 43432 41966 40035 44242 51081 38344 39360 53649 49355 39766 49406 42194 52561 39939 47003 43317 42044 55443 37999 52414 42693 52718
55126 42627 38996 53353 43544 42099 53535 40175 36871 42980 50407 53915 53809 35248 35764 45806 48042 39039 55255 47262 49959 37898 37818 51864 55851 48530 48409 43198 44809 40587 44161 53039 52662 53639 53113 44736 35219 47452 46517 55410 39852 49397 52064 47674 53318 47993 39630
55103 53639 46516 42477 36096 50972 42822 38211 47643 51387 44350 41708 45054 51029 46709 44860 48947 50586 43109 50751 42939 43657 37777 55256 45742 40770 44349 54577 41297 42207 48230 45584 52376 46860 39621 42360 41557 47243 49228 43257 42455 40605 54756 38041 40868 41759 52257
52800 54616 52751 55266 52450 50476 42052 46482 36256 42275 46606 53614 35228 49060 44083 36304 38430 47809 43235 36584 38363 54158 41236 54095 42233 36509 43489 47895 39508 46952 54510 43704 46551 37245 41325 46747 53608 50259 47000 45259 42490 41657 47025 37783 48786 39165 47880
46438 45359 50166 48281 36285 45020 38079 52272 54048 35735 51329 43325 55561 50896 47456 36477 54209 54991 46370 35211 39366 40651 55617 43777 55419 41961 46985 50157 35256 43765 42435 39243 50741 45816 42074 38343 39042 41652 54988 38226 38297 46234 53390 43281 37082 41745 44505
42518 43033 42629 48716 40820 35750 35796 37469 47197 47741 54152 36606 44993 50112 47843 35797 37696 49634 36035 36933 50483 55206 52379 46791 38105 43690 49676 46276 39879 51135 41670 53298 53852 38769 49219 51167 53069 42622 45004 42613 42118 52367 55424 48954 52890 40161 43906
53142 38316 55109 49228 50721 53206 44215 46832 52460 40864 35422 50200 41706 36449 52750 37212 40228 38032 40258 41682 35823 35855 39542 47901 52919 38693 45311 40912 41891 51598 52981 44785 35097 39945 47253 38508 40253 51445 39221 51324 38040 44242 36325 41020 43229 44094 37487
39162 48215 43416 53750 49206 35650 49382 41327 38276 46178 47582 52491 37970 45151 40656 45115 49365 42600 48557 46317 45237 49024 51727 41546 53614 42244 55788 42994 49486 44063 40299 41428 45108 47546 52709 38306 37587 40133 51365 45664 49890 49091 51407 54079 40884 50761 50231
49585 41895 38961 45649 52060 41752 45369 39777 49097 43959 44369 55324 52996 55910 48007 46257 48133 47921 38582 35216 38576 36033 54529 37994 52346 51097 48379 54878 39012 43967 39511 53169 42777 37361 49703 43942 51242 36276 48402 46864 39102 45010 40942 35864 49107 43990 52578
50470 50738 35869 45102 43970 37599 44108 54561 52075 35754 45949 35752 38122 50239 53632 40145 45716 55316 47512 38760 42045 42682 40141 54981 46427 43736 46847 40619 54095 46212 51502 40418 49780 47365 53116 55554 53706 36192 41711 52923 38035 44916 37559 36246 50934 52627 46802
50391 51435 37691 45687 38046 40936 36802 43586 39427 40394 55126 45268 39402 47810 45795 52028 47240 38315 42965 51876 52685 49108 37316 41598 45198 43338 55880 45517 50248 55239 51937 40247 36892 50058 38781 46144 51995 39970 52462 54973 40081 42175 39299 53568 50470 55228 38924
48590 42753 35707 39893 39251 34981 49555 51597 47500 42489 50833 53314 35265 54659 43290 51396 44472 45168 46626 48379 44811 51915 35840 43861 37400 38583 43852 53813 55646 45266 47189 50541 36035 38842 50445 54036 45065 38536 50674 53997 52631 55476 36352 42363 42361 45136 35595
42183 42992 45215 50557 47213 36363 41261 39138 37543 46959 50633 36739 52573 48530 52923 40386 55818 36850 45473 37656 49603 55817 35477 44791 43989 35158 49674 50339 46084 48108 41040 54373 52352 41128 53685 44165 43050 47246 35841 38748 45395 42514 47936 42361 35233 40995 54264
50336 50614 49127 45392 41047 38061 50828 50057 40818 48141 52979 43883 35228 42808 53789 41928 46011 45323 54813 47980 35027 40124 40198 46766 52531 51357 47000 40850 41398 42378 43722 43154 54845 45863 43232 53930 41722 37434 49103 34964 36434 52038 44552 37444 46182 55861 54321
48680 45227 44280 50618 37763 42896 52890 54964 53589 36228 43346 54171 40666 43104 52094 44054 37588 39670 39184 41821 39809 42647 40040 45646 39762 50970 54407 45973 35178 46023 50389 50116 49797 55923 41508 39850 35664 36840 41048 52812 50985 43358 54144 42393 46218 45545 53701
43083 42618 51047 52876 52779 41626 46735 52406 41869 48990 55726 41204 55928 45637 51988 47938 42372 52154 38153 50619 38623 53008 37330 40750 48978 42825 36033 51853 55790 42404 36685 43311 43620 54283 36721 48027 47633 43348 47732 53541 39586 50640 45002 53171 43216 46744 52541
47178 51348 35510 37146 46503 54699 51776 37752 38297 54477 42477 46224 55149 53227 51125 40727 46395 47531 37153 45439 35406 53720 47856 38495 39986 47228 43252 37666 52418 48568 40070 36326 45235 44660 36741 53700 53748 47217 42838 46079 38136 53639 53305 35431 50098 52184 47900
49913 50104 49792 38445 51825 42856 48960 44636 54859 55874 39591 40867 50632 45229 44849 40737 43870 54544 51775 52965 36844 46456 35098 46916 54289 54259 55545 36309 45482 48316 49000 48411 46485 36289 39653 37908 35966 46062 39305 47994 51420 37974 44701 37345 48728 42764 38873
