28
0 97 205 139 86 60 220 65 111 115 227 95 82 225 168 103 266 205 149 120 58 257 152 52 180 136 82 34 145 
97 0 129 103 71 105 258 154 112 65 204 150 87 176 137 142 204 148 148 49 41 211 226 116 197 89 153 124 74 
205 129 0 219 125 175 386 269 134 184 313 201 215 267 248 271 274 236 272 160 151 300 350 239 322 78 276 220 60 
139 103 219 0 167 182 180 162 208 39 102 227 60 86 34 96 129 69 58 60 120 119 192 114 110 192 136 173 173 
86 71 125 167 0 51 296 150 42 131 268 88 131 245 201 175 275 218 202 119 50 281 238 131 244 51 166 95 69 
60 105 175 182 51 0 279 114 56 150 278 46 133 266 214 162 302 242 203 146 67 300 205 111 238 98 139 52 120 
220 258 386 180 296 279 0 178 328 206 147 308 172 203 165 121 251 216 122 231 249 209 111 169 72 338 144 237 331 
65 154 269 162 150 114 178 0 169 151 227 133 104 242 182 84 290 230 146 165 121 270 91 48 158 200 39 64 210 
111 112 134 208 42 56 328 169 0 172 309 68 169 286 242 208 315 259 240 160 90 322 260 160 281 57 192 107 90 
115 65 184 39 131 150 206 151 172 0 140 195 51 117 72 104 153 93 88 25 85 152 200 104 139 154 134 149 135 
227 204 313 102 268 278 147 227 309 140 0 320 146 64 68 143 106 88 81 159 219 63 216 187 88 293 191 258 272 
95 150 201 227 88 46 308 133 68 195 320 0 174 311 258 196 347 288 243 192 113 345 222 144 274 124 165 71 153 
82 87 215 60 131 133 172 104 169 51 146 174 0 144 86 57 189 128 71 71 82 176 150 56 114 168 83 115 160 
225 176 267 86 245 266 203 242 286 117 64 311 144 0 61 165 51 32 105 127 201 36 254 196 136 260 212 258 234 
168 137 248 34 201 214 165 182 242 72 68 258 86 61 0 106 110 56 49 91 153 91 197 136 94 225 151 201 205 
103 142 271 96 175 162 121 84 208 104 143 196 57 165 106 0 215 159 64 126 128 190 98 53 78 218 48 127 214 
266 204 274 129 275 302 251 290 315 153 106 347 189 51 110 215 0 61 155 157 235 47 305 243 186 282 261 300 252 
205 148 236 69 218 242 216 230 259 93 88 288 128 32 56 159 61 0 105 100 176 66 253 183 146 231 203 239 204 
149 148 272 58 202 203 122 146 240 88 81 243 71 105 49 64 155 105 0 113 152 127 150 106 52 235 112 179 221 
120 49 160 60 119 146 231 165 160 25 159 192 71 127 91 126 157 100 113 0 79 163 220 119 164 135 152 153 114 
58 41 151 120 50 67 249 121 90 85 219 113 82 201 153 128 235 176 152 79 0 236 201 90 195 90 127 84 91 
257 211 300 119 281 300 209 270 322 152 63 345 176 36 91 190 47 66 127 163 236 0 273 226 148 296 238 291 269 
152 226 350 192 238 205 111 91 260 200 216 222 150 254 197 98 305 253 150 220 201 273 0 112 130 286 74 155 291 
52 116 239 114 131 111 169 48 160 104 187 144 56 196 136 53 243 183 106 119 90 226 112 0 130 178 38 75 180 
180 197 322 110 244 238 72 158 281 139 88 274 114 136 94 78 186 146 52 164 195 148 130 130 0 281 120 205 270 
136 89 78 192 51 98 338 200 57 154 293 124 168 260 225 218 282 231 235 135 90 296 286 178 281 0 213 145 36 
82 153 276 136 166 139 144 39 192 134 191 165 83 212 151 48 261 203 112 152 127 238 74 38 120 213 0 94 217 
34 124 220 173 95 52 237 64 107 149 258 71 115 258 201 127 300 239 179 153 84 291 155 75 205 145 94 0 162 
145 74 60 173 69 120 331 210 90 135 272 153 160 234 205 214 252 204 221 114 91 269 291 180 270 36 217 162 0 
2334 2698 2618 2610 2433 2903 3006 2644 3132 3200 2912 2429 3215 2850 2174 2149 3033 2767 2134 3145 3139 3164 2933 3026 2656 3219 2327 3011 
2346 2555 2360 2373 2547 2626 2927 2418 2101 2772 2481 3039 2152 3221 2422 3114 2239 3209 2149 2541 2376 2455 2673 2876 2764 2200 2995 2721 
2854 3239 2502 2962 2070 2240 2726 3047 2143 3223 2396 2525 2622 2957 3275 2121 3147 3145 2714 2504 2957 2932 2525 2820 2675 2462 2557 2683 
2192 2150 2164 2119 3266 2743 3161 3112 2314 3102 2129 2996 3266 2403 2380 2748 2509 3248 2679 3250 2981 3110 3092 2334 2807 2858 2134 2155 
2171 2419 2709 3142 2470 2181 2235 2151 3150 2334 2135 2445 2117 2552 2465 2592 2131 2854 2461 2801 3048 3206 2776 2850 2686 2873 3125 3203 
2343 2383 2261 3076 2157 2822 2922 2851 2320 2923 2535 2726 2364 3228 2517 2343 2231 2609 2752 2850 3072 2166 2392 3217 2922 2998 2696 2689 
2623 3243 2140 2657 3191 2564 2114 2111 3207 2560 2849 2310 2759 3252 2588 3107 2234 2508 2266 3140 2883 2521 2336 2864 3056 2443 2714 2532 
2452 2364 2485 2454 2163 3306 2301 2109 3140 2432 3063 2263 2413 2537 3137 3005 2317 2816 2087 2339 2522 2415 2385 2327 3006 2342 2183 2223 
2604 2365 2228 3288 2294 2107 2760 2273 2614 3146 3062 2643 3232 2803 2730 2953 3249 2835 2732 2164 3083 2290 2079 2733 2826 2961 2837 2755 
2955 2134 2673 2221 2969 2856 2394 2277 2549 2676 2402 2358 3183 3078 2370 3024 2838 2115 2856 2871 2082 2728 2652 2475 3068 2955 2379 3067 
2517 2650 2447 2493 2941 2823 2388 2363 3007 2357 2247 2368 2122 2090 2480 2962 3112 2605 2653 2768 2453 3127 2237 2829 3026 2559 2147 2091 
3294 2094 2466 2303 2264 3217 2492 2744 2296 2447 2911 2885 2537 3050 2778 2903 2404 2452 2815 2969 3054 3083 2360 2728 2541 2453 2801 2195 
2089 2728 2740 2084 2864 2487 2567 2830 2136 3247 2108 2078 3097 2285 2498 2853 3160 3225 2590 3278 2563 3135 2458 3091 2523 2855 3236 2955 
3058 3042 2146 2640 3017 2193 2254 2108 3227 3049 2297 3103 3151 2811 2573 2892 2600 2305 3245 3053 2458 2848 3209 2643 3133 2533 3087 2178 
2853 3024 2683 2576 2675 2265 2895 3112 3033 3093 2283 3169 2499 2825 2642 3058 2404 2560 2428 2521 2533 3133 2233 2601 2726 3021 2096 2772 
3047 2154 2253 2471 3293 3092 3172 2258 2855 3127 3255 2835 2698 2328 3020 2294 2676 2518 3077 3012 2949 2983 2761 2258 2279 2317 2458 2597 
2734 3215 2989 2764 2622 2908 2390 3025 2621 2252 3291 2327 2991 3071 2184 3124 2392 2616 2512 3148 2399 2941 2127 2135 2698 2433 2177 2969 
2743 2898 2208 2493 2874 2112 2985 2067 2442 2276 2367 2655 3044 2377 2818 2740 3085 2564 2734 2684 2880 3155 3085 2123 2559 3098 3205 2251 
2087 2745 2846 3066 2252 3038 2432 2829 2081 2715 2360 2921 2982 2139 2606 3037 3159 3035 3029 2827 3285 2397 2747 2943 2257 3208 2589 3050 
2335 2917 3034 3182 2621 2426 2874 3286 2240 2365 2613 2379 2735 2303 2631 2107 2953 2193 2606 3129 2783 3265 2078 3216 3112 2383 2605 3009 
2842 2518 3078 2264 3264 2890 2457 2536 2765 3026 2310 3270 2816 2858 2525 2229 2756 3046 2246 2395 3233 3027 2510 2477 3197 3184 3168 2336 
2710 2520 2969 2443 2800 2172 3102 3206 2641 2244 2979 2280 2864 2962 2350 2328 2629 2448 3268 2284 2566 2807 2905 2382 2437 2864 2616 2299 
2892 2542 3170 2542 3035 2082 2594 2826 2838 3274 3072 3042 2526 2844 3209 3138 2242 2435 2509 3169 3144 3181 2392 2323 2501 2996 3125 2289 
3086 2763 3067 2400 2527 2866 2995 3223 2183 2866 3053 2225 2932 2228 3045 2526 3243 2669 2403 2564 3194 3031 3225 2329 2520 2439 2253 2449 
2172 2200 2524 3143 2742 3157 2721 2135 2717 3258 3089 3153 2875 2901 2755 2229 3206 2115 2084 2702 2200 3213 2668 2442 2172 3046 2505 2848 
2188 2478 3092 2880 2597 3285 2924 2902 2129 2760 2360 2222 2306 2986 2980 2598 2932 3243 2411 2639 2310 2443 3251 2346 2593 2098 3068 2319 
3181 2441 3213 2946 2649 3209 3040 2284 2840 2360 3235 2846 2354 2185 2459 3236 2893 2912 3164 2562 2727 2422 2491 2809 2968 2377 2223 3137 
3244 2153 2549 2360 2288 3163 2848 2748 2632 2806 3057 2144 2956 3205 2300 2733 2467 2648 2534 3265 3121 2350 2849 2634 2977 3167 3273 2138
