23
0 257 187 91 150 80 130 134 243 185 214 70 272 219 293 54 211 290 268 261 175 250 192 121 
257 0 196 228 112 196 167 154 209 86 223 191 180 83 50 219 74 139 53 43 128 99 228 142 
187 196 0 158 96 88 59 63 286 124 49 121 315 172 232 92 81 98 138 200 76 89 235 99 
91 228 158 0 120 77 101 105 159 156 185 27 188 149 264 82 182 261 239 232 146 221 108 84 
150 112 96 120 0 63 56 34 190 40 123 83 193 79 148 119 105 144 123 98 32 105 119 35 
80 196 88 77 63 0 25 29 216 124 115 47 245 139 232 31 150 176 207 200 76 189 165 29 
130 167 59 101 56 25 0 22 229 95 86 64 258 134 203 43 121 164 178 171 47 160 178 42 
134 154 63 105 34 29 22 0 225 82 90 68 228 112 190 58 108 136 165 131 30 147 154 36 
243 209 286 159 190 216 229 225 0 207 313 173 29 126 248 238 310 389 367 166 222 349 71 220 
185 86 124 156 40 124 95 82 207 0 151 119 159 62 122 147 37 116 86 90 56 76 136 70 
214 223 49 185 123 115 86 90 313 151 0 148 342 199 259 84 160 147 187 227 103 138 262 126 
70 191 121 27 83 47 64 68 173 119 148 0 209 153 227 53 145 224 202 195 109 184 110 55 
272 180 315 188 193 245 258 228 29 159 342 209 0 97 219 267 196 275 227 137 225 235 74 249 
219 83 172 149 79 139 134 112 126 62 199 153 97 0 134 170 99 178 130 69 104 138 96 104 
293 50 232 264 148 232 203 190 248 122 259 227 219 134 0 255 125 154 68 82 164 114 264 178 
54 219 92 82 119 31 43 58 238 147 84 53 267 170 255 0 173 190 230 223 99 212 187 60 
211 74 81 182 105 150 121 108 310 37 160 145 196 99 125 173 0 79 57 90 57 39 182 96 
290 139 98 261 144 176 164 136 389 116 147 224 275 178 154 190 79 0 86 176 112 40 261 175 
268 53 138 239 123 207 178 165 367 86 187 202 227 130 68 230 57 86 0 90 114 46 239 153 
261 43 200 232 98 200 171 131 166 90 227 195 137 69 82 223 90 176 90 0 134 136 165 146 
175 128 76 146 32 76 47 30 222 56 103 109 225 104 164 99 57 112 114 134 0 96 151 47 
250 99 89 221 105 189 160 147 349 76 138 184 235 138 114 212 39 40 46 136 96 0 221 135 
192 228 235 108 119 165 178 154 71 136 262 110 74 96 264 187 182 261 239 165 151 221 0 169 
121 142 99 84 35 29 42 36 220 70 126 55 249 104 178 60 96 175 153 146 47 135 169 0 
1991 1877 2009 2532 2032 2294 2245 2096 2833 2389 2202 2477 2152 2897 2842 2464 2290 2652 2055 2302 2174 2543 2491 
2110 2061 1905 1857 2000 2660 2764 2382 2410 1838 2510 2201 2096 1938 2528 2678 1982 2419 2269 1977 2320 2685 1933 
2338 2189 2291 2056 2016 2342 2831 2248 2861 2665 2663 2353 1994 1919 1930 2761 1906 2020 2160 2046 2304 2428 2523 
2157 2328 2444 1966 2379 2625 2134 2849 2780 2135 1919 2702 2727 2179 2311 1890 2594 2795 2371 2704 2873 2096 1940 
2839 2158 2275 2843 2502 2728 2416 1937 2395 2177 2406 2797 2482 2247 2599 2883 2604 2116 2618 2316 2075 2130 2653 
1832 2678 1982 2878 2258 2076 2499 2757 2750 1879 2833 2889 2235 2772 1913 2601 1839 2006 1863 2531 1841 2031 2022 
2707 2300 2039 2577 2391 2117 2111 2015 2860 2201 1897 2819 2384 2525 2540 2462 2126 2030 2667 1998 2189 2421 2828 
2187 2767 1822 2086 1864 2396 2876 2710 1848 2100 2496 2459 1866 2318 1998 2173 2135 2283 2149 1907 2062 1893 2838 
2629 2449 2346 2260 2910 2448 2509 2383 2600 2605 2913 2496 2489 1890 2485 2664 2724 2483 2197 2236 2589 2317 2395 
2863 2265 2545 2039 2545 1831 2828 2378 2897 1858 1966 2472 2732 2417 2363 2595 2327 1973 2495 2275 2870 2061 1863 
2676 2647 2834 2184 2616 2126 2295 2713 2007 1972 2601 1956 1969 2200 2090 2368 2681 2515 1994 2853 2225 2318 1914 
1875 2425 2793 2605 1989 2029 2879 2622 2814 2148 1867 2885 1885 2137 2827 2187 2343 1938 1994 1957 2030 2749 2092 
2486 2428 1882 2432 2324 1975 2393 2811 2572 2455 2701 2599 2273 2145 2231 2780 1907 2429 2387 2086 2004 2063 2375 
2075 2113 1931 2160 2295 2377 2832 2031 1929 1896 2880 2710 2128 2435 1979 2251 2198 1892 2236 1903 2320 2852 2311 
2231 1899 2156 2904 2668 2562 1928 2746 2806 2535 2193 2683 1824 2833 2089 2877 2491 1903 2547 1959 2430 2592 2485 
2066 2251 2802 2061 2531 2019 1954 2589 2810 2611 2058 2791 2684 2464 2471 2225 2096 2511 2283 2291 2667 2703 1857 
1825 2415 2109 1985 2357 2178 2075 2373 2411 1863 1853 2000 1848 2528 2297 2623 2256 2157 2562 2434 2112 2237 1869 
2486 2095 1840 2297 2218 1928 2885 2905 2115 2641 2572 1936 2057 2149 2190 2498 2439 2330 2334 1866 2442 1831 2494 
2486 2029 2310 2899 2644 2039 2312 1894 2291 2480 2835 2702 2745 2265 2403 2098 1884 2296 2019 2088 2890 1833 1906 
2765 1944 1891 1938 2355 2584 2538 2138 2462 2115 2280 1861 2888 2887 2281 1957 2414 2757 2628 2066 1912 2703 2231 
1994 2193 2860 2122 2078 2778 2667 2260 2359 1991 1993 2742 1943 2179 2354 2778 2032 1973 1921 1868 2032 2289 1930 
2564 2734 2522 2545 2641 2517 1876 2064 1944 2658 2415 2520 2831 2020 2751 2326 2887 2272 2424 2287 1944 2573 2029 
2353 2833 2305 1881 2347 2211 2481 2214 2804 2586 2113 2914 2411 2283 2853 1840 1981 2695 2859 2209 1934 2437 2870 
