15
0 492 466 312 1071 748 656 134 1039 726 2314 479 448 496 619 183 
492 0 126 416 1555 1237 1132 536 1466 1139 2791 956 933 987 1103 602 
466 126 0 473 1536 1194 1075 539 1383 1055 2727 901 887 954 1084 540 
312 416 473 0 1216 974 919 236 1333 1029 2553 751 704 711 783 494 
1071 1555 1536 1216 0 430 607 1024 850 871 1444 713 691 593 453 1033 
748 1237 1194 974 430 0 177 746 533 452 1580 306 308 264 256 660 
656 1132 1075 919 607 177 0 684 455 288 1661 177 216 250 343 535 
134 536 539 236 1024 746 684 0 1099 801 2325 515 469 484 576 297 
1039 1466 1383 1333 850 533 455 1099 0 328 1387 591 650 705 776 878 
726 1139 1055 1029 871 452 288 801 328 0 1697 333 400 495 622 557 
2314 2791 2727 2553 1444 1580 1661 2325 1387 1697 0 1838 1868 1843 1789 2191 
479 956 901 751 713 306 177 515 591 333 1838 0 68 179 336 362 
448 933 887 704 691 308 216 469 650 400 1868 68 0 122 287 353 
496 987 954 711 593 264 250 484 705 495 1843 179 122 0 167 440 
619 1103 1084 783 453 256 343 576 776 622 1789 336 287 167 0 593 
183 602 540 494 1033 660 535 297 878 557 2191 362 353 440 593 0 
5108 6222 7068 6379 5329 5981 5943 6713 5946 7281 6602 6852 5688 5920 7529 
6419 7623 5366 7296 7362 5437 6916 6771 5985 5385 6261 5154 7423 6591 6000 
6638 7346 5786 5938 7055 5454 4846 5076 6621 6794 6417 6156 5109 6947 7070 
7070 6246 5967 5111 4916 7142 7247 6268 6268 7183 7721 6866 5126 7611 7570 
7623 5621 5743 5193 4889 7324 7394 7671 5450 6394 7218 4980 7365 7515 6975 
7545 6555 5843 5944 5144 6750 5556 7392 4973 6033 7466 5590 6567 7349 5031 
6056 5000 7624 6028 6786 5167 5810 7257 5579 7134 5268 6043 6035 6709 6778 
5394 7660 5431 7257 5248 6072 5094 7274 5362 5273 6010 5688 5279 5095 6173 
7462 4853 7337 5884 7304 7141 7572 5200 6671 7210 6655 4890 6384 6328 6426 
7441 6589 5046 7503 6431 4976 6006 4934 5740 4986 7147 6146 7614 7605 6965 
4874 6872 6245 4906 5022 5844 5076 5620 5159 7209 6758 5682 7638 6611 7268 
6359 6063 7432 6537 7149 5354 6170 4994 6937 4969 6245 7011 7481 6032 5214 
7102 5346 6827 7422 5116 5348 6300 7045 5547 7043 6834 6386 7569 5157 5733 
5052 5556 6644 5627 6917 5270 5727 6747 6436 6222 6983 7612 5709 6315 5161 
5449 6651 6196 7326 7244 7637 6154 7190 6659 6539 5494 5777 5237 7163 7696 
